Paraetros para tunning de e: 
s = 0.1
n = 0.78
d = 0.25
t = 30
e = 58
SALIDA OSM
cusA = 0.40952
cusE = 1.2
precision = 0.26154
recall = 0.40952
f-meter = 0.31921
kappa = 0.31558
