Paraetros para tunning de n: 
s = 0.07
n = 0.78
d = 0.25
t = 30
e = 3
SALIDA OSM
cusA = 0.12381
cusE = 2.47619
precision = 0.04762
recall = 0.12381
f-meter = 0.06878
kappa = 0.06437
