Paraetros para tunning de s: 
s = 0.5
n = 0.78
d = 0.15
t = 15
e = 8
SALIDA OSM
cusA = 0.73016
cusE = 2.24127
precision = 0.25
recall = 0.73016
f-meter = 0.37247
kappa = 0.36859
