Paraetros para tunning de s: 
s = 0.54
n = 0.8
d = 0.25
t = 30
e = 3
SALIDA OSM
cusA = 0.28333
cusE = 1.7
precision = 0.14286
recall = 0.28333
f-meter = 0.18994
kappa = 0.18762
