Paraetros para tunning de s: 
s = 0.0
n = 0.975
d = 0.25
t = 30
e = 3
SALIDA OSM
cusA = 0.05
cusE = 0.8
precision = 0.06667
recall = 0.05
f-meter = 0.05714
kappa = 0.05597
