Paraetros para tunning de s: 
s = 0.15
n = 0.975
d = 0.25
t = 30
e = 3
SALIDA OSM
cusA = 0.0
cusE = 2.47619
precision = 0.0
recall = 0.0
f-meter = -1.0
kappa = -0.00445
